4880626455
8023108286
7339424704
9472838843
6661370413
1195651710
9015671481
6028995126
7154287332
6765995938
3460260485
1442248800
9104626520
0331794880
5600098245
9312109619
4956862962
0359902091
5832722332
5013304573
9002471814
2176077308
5299294734
3960466529
7634407358
4957873181
9597516246
5728547289
3583044746
8379744315
9904210771
2385218822
3694750383
8961370605
8988479185
0523563209
6490634279
8644440314
3117714008
3204760307
6648766983
4302780781
3459137579
0319474545
4002531523
9836867960
5074854152
2819518925
1801423672
8352752496
4511024105
5463848218
2826753273
0076616496
8002956251
0398471584
8810069609
7216993642
3603670731
1503812169
4698343675
7857782066
9571126005
8547495502
6987477938
2516420409
4696433369
0119251083
4583040586
0781074468
6099768991
1530279715
4196685527
6757349205
3492947118
9152467836
5880255639
6854813951
3195669864
4210279490
8366480318
7146753457
9625819770
5174096225
8976144500
7966617777
2713449566
5536445151
0953764761
7739191757
1891635525
5157724834
3420602707
7234787455
8780454163
2215295030
9286726558
4482301905
7567239511
3377248924